38522 8000
86379 0
79906 2300
92210 5200
49812 5400
26753 13100
97969 0
33366 8000
22510 3700
90561 6800
59966 19700
41456 14600
45156 18200
76032 2000
79028 11300
21210 17700
76500 5100
38722 4700
29556 3900
42220 0
66550 4700
90844 16000
78384 0
29279 0
18167 60800
72311 69600
15974 74400
82049 0
76469 0
29487 0
26395 42400
39637 0
97723 70400
84103 0
19516 0
65118 72600
74853 324000
76092 60000
86861 145600
98489 4000
15095 8000
31231 48800
34233 70200
39499 65400
53972 84000
50050 27000
21929 40800
87586 89400
47026 3000
58059 0
43181 57600
17487 59400
85448 10800
42848 12000
50751 12000
24510 0
58259 70800
17219 77400
23530 51600
51751 9600
30893 0
95959 0
82851 0
40406 0
54361 76800
40830 0
48665 0
35968 0
33929 16000
85799 94400
12905 0
55384 46400
35523 52800
42603 208000
77863 67200
55311 0
62636 0
36372 46400
42357 132800
43023 0
95718 16000
31996 11600
90017 0
94360 6300
51977 1000
78743 3500
54785 4000
66477 2100
37891 8300
99795 0
44038 6000
83397 1100
20000 10900
24151 6100
64784 6000
55875 19000
90151 18500
61596 16600
18134 0
79263 5500
18949 10500
59222 14900
10988 6000
41894 1200
81381 7900
32014 2400
93340 74400
18529 136800
58151 90600
72172 88800
91330 0
66772 47200
60822 15100
65151 0
10507 66000
76050 19200
54400 35400
91608 0
76707 0
21781 100200
66750 0
57189 0
69117 34800
59646 16000
12928 16000
66676 11400
29682 3100
20743 0
20137 5700
68361 11900
40461 8900
58029 0
93456 3700
40585 7800
81223 1200
98137 1200
34335 10000
51673 8900
53590 16200
65864 14900
96867 6100
84496 0
55715 10900
68396 90600
84317 4800
56255 1100
77577 6600
73907 4500
10388 12000
46422 12200
44777 5500
28686 7600
93601 90600
73760 70800
38317 18000
48143 37200
46063 73200
90193 94200
66343 81000
34846 31800
99986 91800
80427 27600
11105 0
80744 0
69089 71400
44774 37800
51755 88800
41078 0
33003 0
16830 0
65422 85200
90356 0
83904 116000
24980 137600
73850 124000
74143 20000
59801 0
73011 0
79963 0
46529 0
49650 0
62874 0
56569 0
31918 0
49774 0
62766 0
57251 0
50005 0
11674 0
84449 0
29437 91200
24131 159200
86885 101600
79197 17400
87182 3100
43476 10400
67657 6000
60981 0
50266 17900
60989 15100
10934 4400
73457 9100
97701 11000
22213 9000
57449 5800
49395 18400
79359 7800
68371 14200
70573 0
15284 400
53875 13200
96179 1900
97519 0
13656 14200
29904 0
34197 17300
29963 5600
95158 7500
11401 6800
71181 16400
39022 3300
56516 6500
17355 7800
82776 2000
34093 2000
10962 2000
96094 8100
48154 19900
81752 0
63774 124000
96552 0
80018 67200
12995 18200
53817 0
18836 0
86387 35600
38358 12700
40085 0
19310 15900
80884 3500
82501 0
49645 0
86017 9200
69059 17100
67071 0
72278 10200
24431 2000
88380 9200
68881 13300
85165 14000
90309 10000
82727 18800
75738 4200
61685 11000
81116 2700
21119 13400
41386 0
44627 5100
53715 0
44878 11700
63220 7200
44931 11700
45731 15900
47376 0
67060 0
97446 0
55328 0
23717 600
52112 17400
96321 15200
71812 12700
45394 6000
93891 0
60444 0
29714 0
18736 36000
47897 19800
26878 12000
54530 43300
91293 116400
39267 27600
60544 36000
94228 36000
18184 46200
61923 36600
31058 0
47057 36000
93671 36000
11149 53400
66775 21600
26690 0
25677 43800
37411 0
18842 0
59091 0
29892 0
36122 101400
66069 37800
11808 116000
18903 113600
63761 0
82629 64800
35330 46400
37480 993600
92673 81600
25360 14400
52953 0
77877 0
67446 0
73799 132000
61002 560000
63943 52800
91970 0
50317 43200
33238 9600
97353 108800
62464 64800
34964 0
65718 0
53663 0
48979 136000
49755 105600
26853 0
71567 0
45255 0
51465 9600
63654 142400
27972 0
69990 0
71612 0
48240 0
27836 0
22336 0
12438 87000
83426 49200
97489 31800
21415 51000
21073 0
90734 0
15737 0
90136 111600
35678 0
61287 35400
72401 0
84515 0
12515 4100
16264 0
71212 10900
42017 17700
48855 5200
38696 0
53390 0
15918 10500
68826 13400
68468 8800
34662 900
41770 2700
74346 19700
97993 0
44938 9700
29207 18700
94067 18600
43266 10900
63332 0
30777 9500
19339 17300
52699 8900
56227 18100
75622 16700
42837 12600
80181 4700
90558 12400
48105 13600
12479 17800
22075 0
85243 0
28430 18100
21105 200
46543 3400
21582 11800
76160 9500
25314 0
38551 5400
10843 1600
53090 0
61579 16500
52447 0
64927 0
73098 1600
30798 8500
96368 900
62945 15300
77670 10700
14348 0
65543 11900
41668 8000
98196 8800
42027 8000
90127 0
64569 0
48271 2300
69728 0
58947 105000
10495 12000
22887 12000
88798 0
10950 107400
46812 79800
42616 0
75202 42000
55517 42000
55574 0
13949 0
87398 8400
93085 0
57698 0
61870 0
58481 58200
64661 0
59411 24000
25964 47400
41384 130400
39200 22400
93834 24000
90011 139200
54168 112000
54208 142400
37973 47200
52604 160000
51683 21600
68434 94400
84226 134400
42423 88800
57843 82400
73916 18400
69341 44800
81463 0
44978 0
53486 52800
24487 153600
75338 151200
33826 76800
92905 101600
39761 62400
33032 55800
89060 0
47997 54400
27329 107200
54143 23200
23010 0
60792 133600
97052 0
77296 36000
33534 1600
77884 44000
74609 98400
58014 294400
14248 86400
26955 0
78747 0
26308 138400
74835 51200
61324 31800
56788 42600
26766 0
57428 0
93666 60600
87083 87600
75008 114000
30504 51600
98791 53400
33764 45000
74410 0
19586 19800
98769 12000
47371 12000
23434 12000
38792 12000
88594 109200
63031 117000
90775 8400
34645 0
66309 104400
15558 37200
31451 10900
73683 0
23008 0
56492 0
30863 0
47751 0
54115 6900
95826 0
23231 0
95645 0
25359 0
60493 2100
13779 0
75797 10200
86719 7300
88414 19900
83360 5400
16549 0
33724 0
33347 0
85862 24800
46616 1600
82966 0
87011 34400
91002 132000
86409 158400
21252 0
61735 82400
97812 0
25820 0
95126 0
65000 0
67529 43200
21824 158400
12345 27200
